309
269
231
203
194
205
235
274
322
362
394
404
396
360
316
279
252
237
248
270
296
326
347
353
335
305
271
242
215
214
230
260
304
347
379
404
402
384
342
299
262
235
230
246
273
309
341
361
365
347
316
285
254
238
239
260
291
328
362
387
395
391
354
311
271
236
216
224
241
275
313
345
364
363
344
318
288
269
255
259
274
304
332
358
375
378
363
327
288
249
228
225
230
256
288
322
355
375
373
364
348
319
297
286
283
293
313
338
360
365
362
341
315
276
245
225
212
221
243
272
310
347
368
374
368
353
334
316
305
299
300
308
321
334
339
328
311
282
246
216
198
197
208
228
256
294
333
357
376
375
366
344
326
312
299
297
299
308
315
316
307
288
263
236
211
191
185
193
217
250
287
325
360
382
392
387
370
344
328
309
299
299
301
307
312
307
288
262
233
201
178
166
177
192
232
275
320
359
390
400
395
378
351
324
305
296
292
299
304
312
309
295
265
234
199
173
161
165
193
235
284
337
379
404
418
409
383
349
314
292
280
282
294
313
322
325
311
282
242
203
173
165
164
193
241
296
351
395
419
434
417
383
340
300
277
273
280
299
318
343
351
336
305
258
220
186
172
185
213
260
322
370
413
427
424
395
353
309
282
267
272
287
313
340
362
370
347
305
263
223
189
181
198
231
284
343
389
422
430
417
379
335
290
258
251
264
285
312
345
365
369
344
305
258
224
194
193
219
253
301
358
394
417
421
396
356
307
269
250
251
271
303
338
365
382
377
355
314
272
246
225
230
259
294
338
383
406
420
407
373
329
285
255
246
251
276
311
348
376
394
382
355
314
280
252
245
251
273
307
345
371
391
392
363
321
278
236
218
221
235
263
301
336
364
375
363
333
308
275
257
253
265
285
310
335
359
367
353
331
297
257
232
220
228
249
278
315
342
373
377
368
345
321
296
280
287
297
316
336
356
362
359
344
319
284
255
238
231
241
262
291
326
350
371
373
369
356
333
317
304
304
310
321
332
344
344
338
316
292
270
253
236
236
236
256
285
311
341
356
363
366
347
333
320
314
312
310
313
315
320
315
308
286
264
242
225
219
218
236
254
279
303
327
348
358
358
352
338
326
318
316
308
307
313
308
302
293
221
218
230
254
292
332
374
403
411
404
379
345
308
282
275
281
298
319
347
360
361
338
311
268
237
222
220
236
275
313
351
385
402
402
379
340
300
264
244
249
267
295
323
355
366
362
339
300
259
223
209
211
234
277
322
364
390
397
384
352
307
265
231
221
232
262
300
344
369
382
369
338
293
251
220
212
228
258
297
344
378
395
395
367
324
273
232
208
205
231
269
311
353
384
389
375
335
293
253
230
225
241
275
312
352
376
379
360
326
278
234
199
186
198
229
274
322
361
383
390
366
331
288
253
233
234
250
278
312
342
361
360
343
300
254
211
183
177
201
237
286
333
372
389
391
374
344
303
272
255
255
268
295
320
347
357
348
321
282
243
213
193
199
219
254
304
342
376
393
394
381
356
328
301
291
286
293
311
330
344
346
335
307
274
243
222
203
213
227
259
293
334
367
387
397
386
373
349
327
312
308
307
315
327
330
328
314
294
272
236
220
208
211
223
248
290
323
359
385
397
394
384
363
348
327
324
314
309
316
319
318
304
293
277
248
228
213
211
227
248
279
318
352
382
400
401
394
373
350
331
317
305
304
306
314
315
309
298
279
255
233
216
211
220
242
275
313
351
384
402
409
398
372
349
323
299
293
293
302
313
320
323
315
292
267
236
214
206
215
231
270
313
351
389
408
405
388
361
326
294
272
267
270
285
307
328
335
322
300
263
230
201
192
196
224
265
312
358
387
400
394
369
332
289
255
241
243
260
289
321
342
350
338
309
267
228
194
182
193
228
272
321
362
392
395
381
346
300
258
227
220
230
259
296
334
360
372
351
315
272
228
198
192
209
242
289
334
372
386
379
352
311
262
222
199
202
223
261
304
349
373
370
351
312
264
221
196
195
216
253
299
340
364
373
351
316
269
221
189
178
192
225
270
320
360
381
380
353
310
264
226
206
214
238
273
315
349
362
354
331
289
245
205
184
187
211
252
303
347
381
394
386
354
312
269
241
229
234
261
291
327
351
356
341
310
271
226
199
189
202
234
279
323
362
384
390
376
343
306
273
251
246
255
276
303
329
342
337
314
283
246
216
198
198
219
250
293
329
361
380
381
363
333
300
275
262
263
273
291
310
331
327
313
288
256
225
199
193
199
226
257
297
330
357
369
367
351
325
302
283
274
275
285
294
307
314
308
290
265
240
214
200
198
209
236
269
303
334
358
361
365
347
331
311
293
288
284
290
295
301
302
299
283
261
240
222
212
213
222
243
273
302
327
347
361
359
350
331
316
300
289
282
281
284
287
293
284
273
259
240
231
220
221
232
250
271
295
322
341
350
354
348
332
313
295
283
284
274
275
279
284
285
286
265
251
237
224
222
233
251
272
291
320
342
354
362
355
338
318
295
283
270
269
272
281
292
292
291
284
261
244
232
227
233
245
268
292
322
344
362
361
351
332
309
283
262
254
255
268
283
294
302
299
283
264
241
228
221
221
240
269
298
332
354
364
363
342
320
285
258
241
241
251
272
293
311
320
316
300
275
248
228
216
221
242
273
313
348
371
372
360
331
293
257
233
224
233
258
285
316
343
345
335
305
271
240
212
202
218
250
284
325
358
371
365
342
305
264
227
209
211
232
264
304
344
372
371
349
313
272
232
211
211
227
262
302
339
365
370
353
316
271
224
193
184
200
234
282
331
366
389
386
352
310
262
223
206
214
233
269
306
343
361
357
332
291
238
192
172
173
202
251
303
355
395
404
392
361
313
261
223
212
221
246
285
323
352
362
343
308
261
209
171
162
175
214
269
328
380
410
418
398
366
312
267
234
226
242
267
301
342
360
355
326
283
234
191
163
162
192
239
294
347
392
420
424
401
363
314
273
251
244
262
280
313
336
342
333
294
252
215
175
161
168
196
240
297
347
386
411
414
395
363
320
285
266
263
271
286
309
331
332
315
282
245
205
183
163
173
201
244
294
341
378
403
403
391
362
329
296
283
293
282
293
307
316
318
302
273
243
211
186
186
191
213
252
295
338
374
393
401
391
367
336
311
291
281
280
288
300
302
300
288
270
245
218
200
190
198
215
252
291
328
362
384
393
387
370
342
312
291
273
272
274
284
293
300
292
282
287
290
304
311
309
292
275
250
232
214
209
222
242
271
305
336
358
373
375
365
347
324
302
284
287
280
287
291
296
292
281
266
243
224
210
208
217
239
271
302
331
351
363
365
352
338
315
293
276
267
264
269
274
284
282
274
261
247
229
221
218
224
249
276
302
324
342
355
359
349
333
311
287
272
258
257
263
273
277
282
280
271
265
247
242
237
244
264
284
309
330
345
355
356
346
324
301
282
261
252
254
254
270
280
289
292
282
271
261
252
244
251
254
277
303
321
337
351
346
334
312
293
264
242
232
237
251
271
292
309
312
307
294
276
262
253
248
253
274
301
325
344
352
346
325
302
269
240
222
222
235
258
291
314
338
341
330
311
285
261
244
241
253
273
301
325
345
352
338
308
270
232
205
194
208
234
273
311
345
364
366
350
319
283
251
231
232
243
272
306
334
349
351
330
292
247
205
185
184
208
244
295
340
380
396
392
372
329
282
245
229
232
254
278
308
335
350
340
310
261
215
179
162
181
212
265
324
371
406
419
410
379
332
281
243
224
232
251
283
318
341
344
323
283
230
185
152
152
174
217
278
341
391
423
429
417
377
327
274
242
233
247
271
304
333
346
341
305
260
212
175
148
152
179
230
289
349
402
427
433
416
376
325
282
253
251
264
281
310
333
342
322
289
239
192
154
140
144
181
231
294
352
392
423
432
412
373
325
285
263
255
270
286
311
328
331
306
272
225
183
152
143
154
191
242
300
356
396
421
422
403
366
321
289
269
263
273
291
303
318
316
297
262
223
190
162
154
170
201
255
307
354
393
411
413
401
368
330
293
272
266
271
283
302
311
312
292
263
232
204
182
173
184
213
259
303
346
382
396
403
385
355
322
285
267
258
262
271
289
303
308
300
283
251
222
204
196
208
233
266
307
346
373
392
392
376
346
312
282
254
244
246
258
281
301
313
311
300
279
252
234
224
231
242
270
305
337
365
376
380
361
333
293
260
234
228
232
246
271
296
313
322
321
303
277
257
245
243
252
273
303
332
352
364
361
343
309
273
243
223
215
230
252
282
312
340
348
352
333
308
280
262
252
262
280
305
334
353
360
351
329
294
252
223
207
204
224
258
296
341
366
381
372
358
324
292
267
260
263
279
302
326
342
341
330
303
262
229
201
193
204
232
271
312
353
381
389
380
353
315
279
253
247
257
274
300
322
334
333
314
285
246
207
182
184
204
241
283
332
373
398
404
387
354
312
272
253
243
251
272
292
312
324
312
286
252
213
185
171
182
213
252
302
347
383
402
394
378
340
298
262
249
245
255
273
296
314
321
300
265
227
192
172
168
182
222
272
324
365
392
401
393
368
324
284
253
242
251
264
287
309
322
311
281
245
209
182
171
175
203
238
289
334
371
391
402
391
357
320
282
262
256
263
281
291
306
308
293
261
221
192
166
161
182
213
258
305
349
382
402
399
376
342
303
272
253
252
264
283
297
306
302
283
246
213
185
171
171
192
232
281
325
364
388
399
392
366
331
293
270
260
267
276
291
301
305
292
271
240
211
190
181
191
215
254
298
343
372
389
393
375
345
315
282
263
257
259
269
282
296
292
274
256
229
202
182
179
192
221
262
307
342
367
375
374
351
323
300
274
260
254
262
271
282
291
293
274
252
232
213
199
201
218
245
283
322
352
372
375
364
343
312
283
263
251
248
255
269
279
290
286
274
255
234
215
211
219
235
264
297
324
347
362
364
353
331
302
271
246
236
232
241
253
271
281
281
274
262
242
228
222
232
248
273
299
323
342
349
345
332
310
281
251
232
224
229
242
261
282
296
304
302
290
272
260
251
250
262
278
300
322
337
344
332
319
293
264
230
213
210
215
234
262
291
310
323
323
311
294
275
261
256
262
274
290
313
327
333
322
301
273
240
211
194
194
212
243
277
312
336
352
350
333
314
295
265
256
257
265
286
307
322
324
312
290
251
213
187
174
182
206
241
286
328
356
372
367
350
317
282
255
242
244
262
279
303
319
322
300
269
228
187
161
154
171
204
253
307
354
389
399
393
364
327
285
247
233
240
257
277
300
316
312
289
250
201
164
138
139
162
206
264
323
371
405
416
406
378
336
288
252
240
245
264
286
308
321
308
274
229
182
142
123
129
158
211
275
336
388
418
427
415
381
333
285
254
243
250
266
289
309
314
298
261
208
163
126
111
121
155
215
284
348
395
425
432
415
381
334
287
259
252
259
277
301
317
317
293
255
196
147
126
115
131
169
228
295
355
402
427
428
410
372
324
280
256
252
262
278
297
314
310
287
245
202
164
121
114
141
181
238
299
356
403
423
423
399
358
309
271
247
241
251
268
290
308
311
285
247
210
171
149
147
166
204
262
314
363
396
411
410
384
346
304
263
248
243
250
266
286
305
304
291
263
228
199
183
177
192
231
272
316
361
390
402
389
359
321
285
252
234
231
243
262
288
304
308
299
272
242
223
206
210
223
252
283
321
350
373
376
362
325
289
252
227
213
214
223
249
276
300
315
313
300
280
259
241
238
244
267
295
322
342
360
358
342
320
276
244
221
208
209
222
254
285
317
331
334
324
307
287
270
259
262
276
292
314
330
338
333
316
289
256
223
198
191
202
219
251
289
324
347
357
350
333
307
286
270
268
273
289
298
311
316
312
296
268
237
209
192
188
198
228
265
307
340
364
372
367
345
319
295
276
269
270
280
297
306
311
301
280
257
226
202
182
186
205
236
278
319
353
373
381
369
351
316
289
269
260
266
275
290
302
305
297
269
234
204
179
169
180
208
251
294
337
370
386
388
373
344
312
281
264
258
261
273
286
299
297
285
255
220
190
171
167
187
218
262
312
353
383
396
394
373
342
307
280
264
263
269
280
298
306
297
273
240
205
177
161
165
188
228
279
328
368
389
397
386
359
324
289
264
254
257
263
275
291
289
276
250
213
183
161
153
167
201
250
299
340
373
395
395
377
348
315
285
264
255
260
275
286
294
291
269
237
207
178
162
161
182
218
271
317
356
382
391
383
361
333
291
265
255
250
263
279
287
290
282
253
219
189
169
160
168
197
236
289
328
363
383
386
372
344
310
275
255
249
253
262
281
290
286
271
245
209
185
170
170
188
224
267
310
347
370
380
377
359
326
294
266
252
251
258
270
286
293
289
269
243
218
199
185
193
210
250
292
329
358
377
377
363
337
303
273
250
246
248
257
271
286
297
292
268
243
218
202
193
204
228
264
300
330
354
364
361
346
317
284
257
240
235
240
253
271
288
298
290
273
252
236
221
224
236
256
289
316
343
357
356
349
327
299
266
239
229
230
242
259
281
300
303
299
286
271
254
243
241
255
272
299
321
341
351
350
335
305
275
244
222
212
216
232
258
284
305
318
318
308
291
276
263
260
266
279
302
324
338
339
332
311
283
253
221
203
195
207
226
259
292
322
341
343
334
316
300
284
272
275
285
301
315
325
330
322
297
269
236
208
191
187
200
226
263
303
331
353
359
354
335
310
285
271
267
271
285
297
308
311
301
278
244
212
180
163
161
181
216
261
309
346
369
373
367
349
318
290
271
259
264
277
290
300
305
291
267
230
190
161
145
150
174
217
267
318
364
390
399
388
367
334
302
274
263
262
279
294
307
311
290
258
217
176
143
128
131
158
214
276
334
382
409
417
406
378
340
298
266
255
261
272
289
304
305
287
248
200
158
125
115
126
161
217
286
347
394
421
428
413
380
335
292
264
256
263
280
298
314
312
287
245
192
148
117
106
123
161
226
295
357
403
430
435
415
374
326
281
257
254
265
282
303
319
315
288
246
198
154
123
118
135
178
240
307
362
402
420
418
392
351
300
264
242
242
256
277
303
320
314
286
241
198
157
132
130
150
195
257
317
364
401
411
402
371
329
279
245
230
233
249
274
301
319
314
290
251
212
176
156
157
179
219
273
324
366
394
400
382
345
301
254
224
217
222
242
269
295
313
314
293
266
232
202
188
190
213
249
297
335
363
381
378
358
322
276
236
214
207
217
235
266
299
318
320
306
283
252
229
221
211
226
259
296
328
347
356
345
321
285
249
213
196
192
203
229
259
289
313
322
319
301
277
254
243
245
255
277
298
320
330
335
320
301
265
231
203
187
188
202
229
260
292
317
328
328
321
302
283
271
265
272
284
301
313
323
321
305
284
250
219
200
188
193
209
237
270
301
327
335
340
331
316
300
285
276
277
284
293
304
305
302
290
263
240
213
191
183
190
211
243
277
311
334
354
359
355
338
317
296
287
279
284
284
293
292
286
273
252
230
203
183
179
187
214
249
290
326
353
371
373
361
341
319
296
281
273
274
283
285
289
282
263
236
206
184
171
169
184
213
256
302
338
365
376
372
358
339
313
290
278
273
276
285
294
296
284
260
226
197
172
161
169
193
231
277
321
356
378
388
383
365
337
306
287
274
276
287
297
307
305
285
257
225
192
172
164
175
202
244
294
340
370
386
385
373
345
317
289
271
264
270
280
295
306
301
278
244
207
179
163
165
184
221
268
318
361
386
398
389
364
330
293
271
258
258
270
285
298
307
297
267
231
197
168
159
168
194
239
290
338
370
388
389
375
347
309
276
256
251
259
277
299
313
316
300
266
225
192
170
164
184
217
262
311
353
376
382
378
356
323
287
258
245
247
260
280
302
315
311
290
257
224
193
180
185
211
250
296
340
371
387
386
367
331
291
259
236
233
245
263
290
309
320
309
287
252
221
199
192
203
229
269
312
353
376
385
375
348
312
269
239
225
227
241
264
293
315
316
306
280
253
217
200
201
219
247
283
323
352
371
369
353
315
274
238
214
205
214
237
262
292
311
316
309
289
261
232
211
211
223
252
285
318
338
345
342
323
287
251
218
197
198
212
242
277
311
328
333
322
304
279
261
251
255
267
291
315
336
348
344
324
297
260
231
207
199
205
226
250
283
317
338
344
331
317
294
274
261
256
265
285
302
317
328
322
309
278
252
216
195
185
197
218
250
282
309
335
342
342
328
308
286
268
267
275
285
295
306
313
304
284
256
223
187
164
156
165
192
231
274
311
342
353
354
342
326
302
286
274
272
276
286
299
307
300
278
248
212
183
165
157
168
196
235
282
330
364
382
385
368
350
323
296
281
274
274
283
290
298
296
281
252
216
177
151
147
161
191
239
292
339
376
397
405
394
373
337
304
282
273
279
292
305
313
310
288
251
205
163
137
130
141
177
235
300
355
392
413
419
405
377
335
295
271
264
274
290
308
321
318
292
251
198
156
127
125
143
185
244
307
365
403
418
419
402
368
325
285
263
261
272
294
316
332
330
301
254
202
163
135
130
151
194
255
320
376
408
417
409
387
347
299
260
243
250
271
298
328
346
340
308
259
209
167
139
138
162
210
274
334
380
405
408
391
359
314
269
237
228
241
266
294
325
340
333
301
254
209
170
150
153
178
226
284
341
380
397
397
371
331
283
240
212
210
226
254
295
329
349
340
311
267
225
192
178
184
210
252
302
345
378
389
376
344
300
248
208
190
195
220
255
295
329
346
340
319
284
248
220
209
218
241
278
318
350
369
367
348
314
266
221
194
185
194
224
260
297
329
345
345
326
300
265
242
234
243
261
291
318
339
346
339
317
283
239
208
184
183
198
222
258
295
322
337
338
327
308
282
264
259
261
273
292
309
325
328
317
294
263
226
197
185
185
203
230
265
300
327
340
344
336
318
301
286
276
277
287
297
307
311
308
297
272
244
218
198
188
190
206
236
268
301
328
349
356
353
337
321
298
284
283
280
282
285
287
284
272
250
228
204
188
183
188
200
225
256
287
314
331
339
334
322
300
284
276
269
272
274
277
276
270
257
237
220
201
187
182
185
201
229
264
298
327
352
359
357
344
330
311
292
278
269
271
276
282
283
271
252
228
205
188
181
190
208
240
280
318
349
367
373
367
355
333
312
297
281
275
274
279
285
286
279
258
233
204
186
183
193
216
254
298
336
364
375
374
364
343
319
292
275
272
273
281
289
300
296
279
251
220
191
176
177
192
225
266
310
346
372
377
369
348
323
293
271
263
263
272
286
300
311
302
278
245
215
184
173
177
199
239
283
324
359
377
378
361
336
300
270
250
249
256
275
286
308
311
302
273
238
205
179
172
187
217
263
310
354
376
383
373
349
316
280
251
239
245
264
289
313
329
325
301
266
225
190
171
175
198
235
284
333
364
378
378
355
322
283
245
225
224
239
265
295
323
335
327
302
260
224
192
182
193
222
265
313
351
373
380
367
339
296
252
218
208
218
242
275
310
336
342
330
299
263
230
205
202
220
254
298
338
364
377
370
344
308
262
224
201
202
215
243
280
318
340
344
328
298
257
223
206
213
233
264
303
335
360
364
349
319
276
229
197
183
190
219
259
296
330
345
343
329
304
269
239
224
227
247
273
307
333
347
347
319
289
248
208
185
180
196
226
266
305
336
351
349
336
313
281
259
250
252
268
289
314
331
338
327
304
271
232
201
185
186
199
228
266
304
335
352
355
345
323
298
275
262
264
274
285
305
317
322
311
281
253
218
189
178
178
195
226
261
304
334
357
365
358
339
317
299
279
273
278
284
298
306
306
295
274
242
211
183
169
171
187
219
258
301
337
364
370
366
358
342
313
292
280
278
283
291
296
300
291
268
238
204
177
162
159
175
201
244
291
337
367
383
386
370
349
321
294
279
274
277
287
296
302
295
275
242
207
175
158
154
168
199
242
292
336
370
387
386
373
346
317
286
265
258
260
274
291
302
300
281
245
206
171
147
140
154
189
237
293
341
372
386
382
362
330
292
261
242
242
252
267
291
306
305
286
251
204
167
140
134
150
190
243
301
349
378
389
379
355
315
272
237
225
234
257
282
308
328
326
300
258
213
170
144
144
167
210
267
323
362
383
384
370
336
290
242
213
207
222
253
291
324
345
341
314
270
223
180
161
158
183
225
281
331
363
376
367
340
296
254
212
188
193
216
254
297
331
350
345
315
271
226
189
172
180
209
253
301
342
367
371
355
320
273
225
193
186
199
233
276
317
347
361
353
324
286
241
205
196
206
235
276
321
352
364
356
332
295
252
210
186
189
209
243
290
326
356
362
350
326
290
251
227
221
234
260
294
324
345
349
335
308
269
226
197
181
192
217
250
292
328
352
360
354
330
300
270
248
247
255
272
297
321
333
327
310
280
248
213
193
188
199
224
261
298
330
351
358
349
330
304
277
266
262
271
285
302
314
317
310
290
261
230
202
184
185
199
222
254
292
317
339
344
344
328
309
289
276
271
275
282
293
298
295
289
272
249
220
200
190
189
203
225
254
287
315
337
344
341
332
315
299
290
284
280
283
291
296
295
286
271
247
226
206
197
202
214
234
262
292
319
342
354
353
346
329
312
297
287
285
284
285
288
289
281
267
246
228
214
207
209
222
243
272
301
328
347
362
362
350
334
316
295
282
275
274
282
285
287
285
270
250
230
212
203
204
217
242
273
306
333
354
364
362
349
333
306
285
271
267
274
285
295
303
299
278
253
231
208
200
203
217
244
277
313
341
365
364
358
337
311
282
261
252
256
269
284
303
309
303
284
257
227
204
197
200
222
257
296
330
358
369
369
350
319
284
254
239
237
251
272
294
316
323
312
288
259
223
201
192
202
229
267
308
343
365
373
361
335
298
259
233
223
230
253
283
311
330
334
318
284
245
213
190
189
209
242
282
320
353
366
365
341
305
264
231
214
217
241
274
308
338
352
345
324
284
241
207
186
193
217
255
299
339
360
368
353
320
276
233
205
197
215
251
286
327
356
368
354
320
278
238
207
197
212
241
281
323
354
367
361
334
293
249
207
190
196
221
260
308
347
378
384
363
324
279
236
212
209
229
265
301
339
363
370
352
312
266
215
185
180
201
235
281
327
364
385
383
362
326
282
242
222
221
243
274
308
337
354
344
315
277
232
192
171
171
191
235
284
329
365
383
377
354
318
275
245
228
231
252
279
312
337
342
329
300
258
217
186
171
175
202
246
294
339
371
384
383
360
326
292
266
259
263
277
296
318
331
330
311
279
244
210
185
176
186
213
253
296
337
369
385
387
371
344
315
290
277
277
283
294
309
316
309
295
267
235
205
181
173
181
205
241
286
327
360
376
376
369
346
320
294
279
269
269
280
292
302
304
288
264
236
207
185
175
180
202
236
279
319
350
372
382
375
359
333
304
281
270
267
268
277
288
290
281
263
237
211
189
180
180
196
225
265
307
346
370
378
374
359
336
304
279
260
259
267
281
297
308
305
290
260
225
199
179
178
192
223
266
313
353
378
388
382
359
326
289
260
242
245
260
283
306
324
325
308
280
241
206
183
178
192
225
269
317
357
378
380
365
334
296
253
227
219
230
255
291
320
343
341
319
284
242
207
182
179
198
232
279
328
360
375
369
344
305
264
224
203
212
235
266
305
346
357
359
340
302
258
210
187
190
213
254
297
341
368
379
362
327
282
237
199
188
201
234
280
324
362
381
375
345
305
258
219
199
205
231
274
318
352
372
373
348
305
258
213
188
189
214
256
303
348
381
396
386
353
307
259
222
204
214
242
281
321
351
361
350
318
274
226
191
176
188
217
266
316
354
386
394
379
347
304
258
226
217
226
252
286
318
337
339
319
284
242
199
175
177
200
236
283
325
368
394
397
381
347
307
269
246
240
251
272
298
322
330
320
296
262
221
190
176
180
203
245
290
332
365
385
385
368
339
301
270
253
254
261
281
303
317
321
304
277
243
208
188
179
192
216
251
289
329
355
368
366
352
328
298
276
266
262
272
285
300
311
308
294
268
237
212
197
195
207
229
257
296
327
350
364
364
347
324
303
287
278
277
278
288
297
301
294
280
258
235
218
205
206
220
242
270
297
328
348
360
357
347
331
310
293
279
276
277
284
288
292
286
277
264
248
233
221
224
233
252
275
301
324
343
352
350
343
330
310
294
275
272
267
276
281
285
287
276
267
253
239
235
237
244
259
281
301
324
345
356
351
347
330
300
279
267
266
268
274
280
289
289
282
270
251
239
230
231
241
256
281
305
332
349
359
357
347
325
304
281
269
263
267
282
302
313
319
316
301
280
264
253
250
255
270
292
322
353
373
379
369
347
315
288
271
258
261
273
295
323
341
348
341
320
291
262
239
229
236
260
293
325
350
362
364
344
316
283
246
228
225
242
268
302
328
344
353
341
315
278
247
225
219
236
262
299
335
355
361
353
326
292
251
221
209
213
243
282
326
359
379
375
352
319
279
238
219
225
245
276
318
347
360
360
338
300
255
214
188
191
214
254
302
344
377
390
379
352
309
260
225
209
220
245
283
313
338
351
345
320
275
229
189
177
189
226
273
328
372
401
406
390
351
302
256
220
211
224
252
294
325
350
352
332
292
241
196
170
170
195
237
293
347
392
416
413
389
351
300
255
231
233
249
275
305
335
347
344
313
269
218
185
166
175
211
257
315
365
406
419
415
391
344
297
267
243
241
259
286
316
338
340
323
286
243
203
173
164
179
217
268
323
369
404
417
412
382
345
302
269
253
259
268
291
314
330
327
307
270
228
199
179
175
194
230
281
332
376
405
416
409
384
347
311
284
272
272
284
298
315
327
320
298
267
232
203
185
187
206
240
284
327
369
394
408
403
383
350
314
294
277
270
277
287
305
311
304
288
264
234
209
190
184
199
229
268
315
354
377
391
389
376
349
316
289
273
266
271
275
293
306
302
291
273
250
227
210
206
215
241
271
303
344
375
389
385
369
340
311
280
260
246
250
260
276
293
299
295
280
263
241
220
209
213
229
259
295
328
355
371
373
358
331
292
260
235
229
239
253
277
298
322
319
307
286
257
234
219
215
229
254
294
328
355
368
367
351
320
280
246
224
221
234
261
295
328
351
356
344
320
286
256
235
231
246
275
313
352
378
390
381
354
315
275
239
222
226
248
287
333
375
400
405
390
358
313
274
252
247
265
297
333
364
387
388
375
335
292
250
221
214
235
268
314
360
398
420
418
392
351
305
262
241
241
259
290
329
353
367
359
331
290
242
205
185
192
223
270
321
370
405
421
416
384
337
286
256
237
242
265
298
333
357
363
345
310
264
221
193
190
211
246
299
352
389
423
435
419
383
334
287
259
253
263
284
317
340
354
347
321
282
242
207
189
196
221
262
311
357
399
426
427
400
364
318
278
260
256
268
292
316
335
339
323
290
250
216
192
186
201
233
276
322
367
401
417
413
386
347
303
278
264
269
283
302
318
329
326
303
273
241
213
196
203
223
257
297
341
380
410
423
413
383
347
307
281
273
277
289
305
317
321
312
289
258
232
209
208
215
239
271
311
351
380
403
403
391
368
332
307
291
281
285
295
302
312
313
299
279
257
233
217
216
228
252
287
321
357
384
400
400
384
361
330
308
291
283
288
293
303
311
307
299
282
263
249
236
237
248
272
302
330
359
382
394
395
376
354
327
306
293
287
286
293
299
302
297
291
278
269
255
250
252
258
276
301
327
351
367
374
372
354
334
313
292
278
273
274
277
287
294
300
294
291
282
268
263
263
269
282
301
324
345
362
365
361
348
323
299
279
265
263
266
275
288
299
308
307
304
292
282
272
266
268
282
303
324
346
362
363
356
342
314
287
267
256
256
264
280
302
319
328
332
324
315
295
282
276
274
287
306
327
348
361
361
356
329
300
272
252
242
247
262
291
318
344
361
363
350
328
304
283
271
273
289
311
333
353
365
362
342
316
284
255
231
231
245
275
311
347
373
387
384
362
331
302
276
260
265
282
307
333
353
359
349
320
285
246
213
198
207
232
279
324
366
394
404
395
367
330
289
262
250
257
278
303
330
348
348
331
297
251
212
186
183
206
244
298
353
396
421
430
411
375
335
292
264
260
268
287
314
341
355
346
314
269
226
190
172
182
216
266
323
373
416
441
438
413
374
331
288
269
265
275
300
325
345
349
329
297
246
200
166
162
177
218
276
333
384
428
445
439
414
372
320
282
267
267
282
309
330
344
338
310
267
223
181
157
155
181
223
279
340
390
429
440
431
403
363
320
285
271
273
284
306
328
336
327
297
254
212
177
157
167
194
238
292
345
391
425
440
430
401
360
321
293
279
283
296
312
333
338
322
291
253
215
186
175
183
212
257
312
362
402
431
437
428
398
362
324
296
289
288
300
315
329
331
319
292
262
230
208
196
204
228
270
314
357
398
416
424
411
382
348
312
287
274
276
285
299
309
311
300
281
259
234
214
204
208
230
261
302
340
372
394
398
389
362
328
292
269
258
258
268
281
299
309
307
300
285
263
244
229
231
245
274
309
343
372
390
393
382
353
320
285
258
246
243
255
278
301
323
334
336
321
303
280
262
254
262
282
307
337
364
375
378
362
334
297
261
233
222
224
244
273
306
337
356
363
353
332
308
285
271
269
282
304
330
353
366
364
346
314
277
242
218
213
223
250
285
326
360
380
387
375
346
309
279
261
258
272
295
319
340
351
347
326
290
250
215
197
199
219
254
296
339
374
395
398
381
351
312
277
257
254
267
288
314
334
340
330
303
266
230
198
182
190
217
263
311
357
390
408
400
379
346
306
279
263
267
282
301
321
337
337
316
283
240
204
185
182
203
239
288
340
378
409
421
408
383
345
311
284
272
277
292
314
335
342
331
305
265
227
197
185
196
222
267
317
363
402
420
425
404
374
337
305
283
279
291
306
327
340
339
322
288
250
222
200
194
210
243
295
341
387
423
438
429
400
369
332
303
286
290
300
315
325
325
323
298
261
228
202
187
192
218
257
300
343
382
414
420
411
384
345
313
288
278
285
295
310
321
320
307
278
245
215
193
188
200
228
268
312
353
389
409
414
394
362
328
301
286
285
292
301
310
315
312
293
265
237
216
203
206
223
256
294
332
373
400
414
407
384
351
316
295
280
275
285
297
309
310
303
287
258
235
218
213
224
241
271
309
343
373
393
401
391
364
330
300
285
274
275
279
289
299
302
292
278
257
243
229
229
239
258
288
324
352
374
389
385
367
340
311
291
270
265
269
275
287
300
305
297
281
265
251
242
241
252
271
293
320
349
367
375
370
351
328
301
279
266
260
264
273
282
293
297
300
291
277
270
266
267
275
293
315
342
363
375
377
365
346
322
293
269
255
251
253
269
284
304
311
317
309
304
291
281
276
279
293
308
329
344
350
354
344
324
297
271
247
235
229
243
259
277
299
318
327
325
320
304
288
278
275
286
303
321
338
347
347
333
305
277
251
230
223
228
248
285
314
343
366
369
365
351
332
309
295
287
298
312
327
341
350
350
336
305
284
251
234
228
241
269
303
340
381
404
416
400
381
354
329
305
312
311
325
343
353
361
348
327
297
264
232
217
220
237
275
328
374
407
438
437
422
393
361
328
308
312
315
333
347
354
361
342
317
275
239
221
213
226
247
291
338
393
430
444
452
433
397
358
331
309
309
317
328
345
360
354
326
296
256
215
190
185
210
248
301
354
406
447
460
457
429
390
347
312
293
296
306
331
347
347
333
304
258
215
177
154
161
187
232
295
351
408
442
458
442
415
371
329
297
284
293
305
326
342
347
332
294
257
211
177
157
161
196
245
305
370
418
454
466
457
416
369
329
302
296
306
319
339
352
355
336
303
261
222
188
172
183
220
268
325
381
431
456
463
450
408
362
325
299
299
305
315
335
350
348
330
298
262
223
193
188
199
232
274
326
375
416
440
441
422
377
335
302
280
277
285
296
316
328
335
321
294
266
239
217
206
214
243
281
322
363
394
414
412
388
348
309
275
257
251
259
274
295
312
318
313
295
277
253
237
229
239
262
294
336
367
395
409
398
374
340
301
270
247
240
253
268
292
317
326
329
320
303
284
269
261
265
281
305
332
362
380
387
376
352
319
280
252
234
233
241
264
290
316
332
341
343
334
316
297
285
284
289
308
331
348
359
361
349
324
295
259
233
217
215
224
250
280
315
345
361
366
351
333
312
297
291
295
304
318
331
341
338
327
303
269
238
216
203
211
227
258
296
336
361
382
384
375
350
326
305
293
289
299
307
321
327
325
315
288
259
228
207
197
204
229
267
304
343
370
390
392
377
351
319
298
285
283
289
303
314
317
312
294
267
234
208
188
183
202
232
276
322
362
391
401
398
382
355
321
297
280
281
289
301
316
320
310
285
256
222
196
180
184
208
243
288
335
378
402
411
401
378
346
315
292
286
284
294
309
317
315
300
272
235
205
183
177
187
217
263
316
362
397
417
420
403
374
333
305
287
282
286
300
315
320
314
294
264
235
206
188
194
216
252
301
353
392
418
431
426
402
370
326
299
289
295
311
322
333
337
326
298
266
235
214
205
218
248
288
335
378
412
434
441
426
396
360
333
315
309
316
327
336
339
333
321
298
268
235
220
223
244
276
317
358
397
414
428
419
400
373
338
303
300
297
306
315
320
327
316
291
268
238
219
208
216
241
277
314
358
387
411
417
406
379
345
319
305
298
302
309
322
329
324
317
292
270
245
228
228
244
266
311
335
377
403
420
415
393
368
334
311
300
298
304
313
322
329
333
316
291
266
248
237
241
266
296
332
361
388
407
407
398
376
353
324
302
290
284
297
308
325
326
316
301
287
267
252
248
263
284
314
349
370
393
409
404
388
367
332
305
288
282
282
294
312
324
335
334
318
302
288
283
278
286
305
324
353
370
390
400
388
374
336
309
286
269
264
269
282
305
323
333
340
337
322
314
301
299
300
317
335
354
369
384
381
366
346
320
289
256
241
245
252
276
306
325
339
355
352
348
339
331
322
321
330
348
358
373
383
379
364
339
311
283
259
247
246
270
297
324
356
371
392
390
382
369
351
342
332
339
349
356
364
369
365
344
319
286
265
238
224
235
255
290
328
358
384
400
406
399
382
357
340
323
319
329
339
351
347
343
315
291
249
228
201
195
209
242
278
329
371
403
415
420
406
380
360
335
326
317
324
339
352
352
342
312
278
231
205
184
182
202
236
287
343
392
425
449
442
423
396
353
332
322
319
328
342
354
359
340
309
265
224
188
162
166
196
237
303
359
406
442
460
454
425
385
349
320
308
307
324
333
356
359
334
298
254
212
172
148
148
182
236
303
367
414
446
460
446
412
374
332
309
296
300
313
334
345
350
330
291
235
188
153
128
142
172
232
299
357
406
440
445
430
391
345
301
276
265
275
293
320
341
347
325
282
230
185
153
137
152
195
254
315
372
417
441
440
416
376
326
284
260
263
276
301
326
351
354
333
295
249
208
185
174
195
236
292
344
396
434
445
432
402
352
306
275
258
261
275
301
327
354
355
337
303
270
237
213
213
230
263
302
347
389
413
420
405
367
322
274
247
233
236
253
276
307
334
341
328
304
272
248
231
230
243
270
306
339
370
380
375
353
323
283
248
223
213
219
238
267
298
325
332
334
315
292
271
260
257
269
289
311
342
360
367
358
335
303
268
239
218
212
224
247
286
314
339
355
354
348
328
314
300
296
304
312
328
347
353
354
346
325
294
264
242
229
218
229
254
282
316
345
367
377
371
367
347
329
321
317
316
320
331
332
331
318
304
284
251
236
218
218
230
252
281
310
339
368
380
376
365
352
331
319
315
307
305
308
310
305
296
282
264
237
216
203
211
220
245
276
308
341
368
385
389
375
353
337
319
312
302
297
304
306
307
296
277
258
238
221
210
209
229
264
300
336
370
396
407
400
385
362
340
319
308
312
319
318
324
314
304
277
251
232
212
209
220
240
275
321
357
389
411
420
405
384
356
334
318
312
321
327
329
333
327
307
275
244
222
206
206
226
254
296
339
376
407
425
420
400
371
337
316
303
304
311
323
335
332
315
288
258
221
199
184
189
214
259
308
356
388
409
417
413
387
349
322
303
291
300
312
323
333
325
309
272
237
203
183
177
193
233
277
325
370
397
412
413
389
360
327
298
290
288
297
313
326
332
324
304
268
231
206
189
193
220
262
314
359
401
421
425
411
386
346
325
302
303
304
321
338
344
345
330
310
268
237
212
208
223
248
295
337
383
406
419
416
391
359
317
290
286
282
290
310
324
337
336
315
283
247
218
205
207
231
263
297
341
373
396
403
389
360
322
289
269
264
274
294
310
328
339
334
309
279
254
226
218
227
255
289
327
361
390
403
402
375
339
304
275
266
268
282
300
327
343
353
343
324
296
272
255
256
265
289
322
352
377
396
402
384
361
319
286
268
254
263
276
298
321
341
340
340
321
301
282
269
266
280
303
330
356
376
382
378
358
322
287
258
238
233
240
257
284
310
330
340
336
327
311
298
286
286
293
310
331
351
365
364
345
323
290
253
229
209
208
219
243
273
306
332
350
351
342
327
313
298
295
301
307
319
333
338
333
317
290
260
234
206
196
197
211
240
274
309
341
360
369
366
352
333
318
307
304
302
311
318
323
321
307
283
255
227
206
191
192
211
241
279
321
354
383
394
393
379
357
338
321
311
311
312
320
326
319
308
283
252
220
194
182
186
204
233
278
324
365
397
409
406
390
364
339
315
300
297
302
312
322
322
311
284
246
205
176
162
163
185
223
274
329
376
405
419
413
391
355
325
298
285
289
304
320
333
337
317
284
244
201
169
152
155
182
228
287
341
386
421
430
418
388
351
311
284
276
284
304
327
344
348
327
289
240
191
157
135
147
179
233
295
354
401
429
433
414
376
329
287
263
259
276
300
328
348
350
327
283
232
180
145
132
145
182
244
308
364
405
427
424
398
355
306
264
247
251
270
300
332
358
360
336
287
231
183
153
143
161
206
261
323
373
408
420
405
372
319
270
235
226
235
263
299
331
355
356
335
294
243
200
171
168
192
234
287
339
380
403
401
377
336
285
239
210
209
227
255
294
332
355
357
336
300
260
222
201
203
225
264
308
353
383
395
383
354
308
259
218
200
201
221
257
299
336
357
364
347
319
284
253
237
240
259
287
318
350
366
370
350
318
274
233
203
194
200
222
258
294
330
350
356
347
325
296
271
260
260
272
289
313
331
339
334
316
285
249
216
195
188
197
220
252
291
321
347
353
350
336
316
296
285
281
286
296
309
317
321
313
294
268
242
218
201
197
204
228
256
290
319
342
353
356
350
333
319
309
299
297
299
301
305
302
297
284
261
242
224
211
206
218
234
263
291
320
341
358
365
361
350
333
317
306
299
298
299
297
293
289
279
262
243
224
211
206
215
236
264
293
324
349
367
375
373
358
336
315
299
290
286
289
290
292
291
280
263
241
222
207
200
209
229
260
296
330
356
374
379
373
356
330
307
289
282
281
288
294
302
301
291
274
249
227
212
209
221
247
281
319
351
380
396
396
380
354
331
305
290
287
290
302
314
320
314
301
279
247
222
213
214
231
259
298
337
368
392
401
391
368
337
308
286
276
281
291
305
322
328
317
297
267
236
214
207
216
246
283
322
365
393
405
399
380
353
318
296
282
283
296
317
333
345
346
322
296
266
242
220
225
241
271
310
351
390
412
418
402
369
329
297
274
273
280
301
321
343
350
344
316
284
247
219
208
220
244
276
318
354
381
398
388
364
327
288
261
248
253
272
300
329
351
353
337
304
266
232
211
208
220
249
290
333
365
387
387
364
334
291
255
230
227
240
269
306
340
355
355
333
296
257
227
213
216
239
271
312
349
373
378
367
339
299
261
229
215
223
251
284
319
346
358
352
328
291
256
230
219
230
256
290
328
356
374
370
347
312
272
235
212
214
232
262
304
339
368
377
368
341
304
275
256
257
272
296
325
354
374
377
368
341
305
271
244
232
239
264
292
324
361
380
388
375
352
318
296
281
281
294
314
334
359
369
364
348
315
276
244
225
222
230
251
283
313
345
365
368
358
338
311
293
283
282
287
304
321
332
337
328
308
278
251
226
211
208
221
243
275
310
343
365
370
368
351
331
314
300
300
302
307
319
328
329
321
302
280
252
231
217
212
219
244
271
308
343
365
379
381
372
356
337
324
312
309
309
313
317
319
308
290
270
244
223
204
202
212
230
261
299
335
362
384
389
380
363
344
322
305
295
292
294
298
302
298
286
266
243
212
192
183
190
213
250
293
333
369
395
402
393
375
345
316
295
282
282
290
301
314
314
302
281
249
215
194
181
186
209
250
298
343
386
409
413
399
371
335
301
277
268
276
291
310
330
338
324
296
257
217
190
174
181
208
254
306
355
393
414
412
388
352
305
266
244
243
260
290
319
349
357
341
305
257
214
182
167
178
212
259
315
362
394
405
398
367
321
270
233
220
224
251
289
326
358
365
350
310
258
209
175
161
176
218
269
322
369
394
398
377
337
284
235
202
198
215
250
296
342
373
381
362
320
268
219
185
177
197
236
287
334
373
392
385
358
313
258
210
184
191
217
259
309
352
380
385
364
322
271
226
199
197
218
254
301
341
368
375
359
322
272
221
184
174
188
224
270
317
359
382
384
360
320
277
238
216
218
238
271
306
338
353
354
330
292
249
206
180
181
200
236
284
327
364
382
382
361
326
285
255
242
244
262
289
317
340
348
336
307
272
232
202
189
192
217
251
292
333
362
377
375
357
328
296
274
263
264
275
292
313
327
325
311
287
256
224
204
196
203
224
258
293
326
352
364
362
352
330
308
289
279
277
283
291
301
308
304
291
270
247
225
212
206
213
230
261
291
322
345
357
364
357
342
324
307
294
288
288
292
295
297
297
289
272
254
239
226
223
227
242
264
292
321
342
357
365
362
355
338
321
307
297
293
294
297
297
294
289
276
263
251
239
232
238
248
271
297
321
347
363
371
371
360
345
325
310
298
291
285
290
291
293
287
279
268
253
237
229
233
242
263
292
320
343
364
370
362
350
330
307
289
279
277
281
286
296
301
297
285
267
245
233
229
231
245
272
302
334
357
372
372
362
341
311
286
266
258
265
277
295
307
310
307
292
263
243
222
213
220
242
275
312
345
367
380
372
355
326
292
266
254
259
270
293
317
336
340
330
305
275
245
230
222
238
270
306
346
378
391
394
380
350
311
280
265
260
278
301
329
354
372
367
343
308
272
249
229
237
255
288
325
357
384
386
375
342
303
269
246
228
239
263
295
328
357
368
356
327
290
255
228
221
231
256
290
330
358
374
369
344
306
265
229
213
217
244
274
317
355
380
384
360
327
283
247
226
224
242
274
305
342
365
368
354
319
274
237
204
199
215
246
292
337
368
386
383
353
314
270
236
220
224
243
277
312
344
359
352
326
284
240
203
183
187
212
253
302
344
375
388
375
344
303
263
233
221
231
254
286
321
341
347
331
298
255
212
181
173
188
224
269
320
363
387
395
377
345
304
266
244
239
250
276
304
331
343
337
318
281
240
206
188
187
206
244
291
333
369
391
394
381
351
314
284
269
268
276
293
316
336
343
331
304
272
232
207
195
200
222
259
301
341
372
390
394
378
354
321
299
283
281
289
298
312
322
321
313
285
256
225
208
196
204
228
255
296
334
365
385
389
378
357
332
309
297
294
292
299
308
314
309
301
280
256
237
218
211
214
232
262
296
338
366
393
399
392
374
353
330
307
300
297
298
303
308
306
301
290
270
246
231
220
218
237
259
292
331
362
389
397
399
377
352
327
304
289
281
286
292
302
309
309
297
280
255
232
214
212
224
246
281
321
359
382
394
396
377
344
312
282
265
262
272
288
304
320
330
320
296
270
236
213
205
213
238
278
316
355
383
393
383
356
322
286
254
236
239
255
280
309
337
346
341
316
279
240
210
195
200
229
270
313
354
377
384
370
336
293
247
215
204
216
242
282
321
358
368
359
328
285
242
209
194
203
234
276
324
363
382
380
353
308
258
215
188
189
211
251
300
347
381
390
378
343
294
246
212
199
211
244
290
332
364
375
362
330
279
230
188
169
180
212
261
313
361
391
398
383
343
292
242
206
198
214
247
290
330
350
352
331
292
246
204
171
161
179
219
272
328
373
401
404
382
341
291
244
219
217
236
266
303
337
350
341
312
269
223
186
165
171
197
242
297
346
382
400
398
375
336
290
252
232
232
250
276
309
332
340
322
288
248
209
179
168
181
213
259
308
351
382
393
385
359
325
288
260
248
252
267
290
313
326
323
302
271
235
203
182
181
201
233
278
320
355
377
384
375
349
315
283
264
259
260
274
291
309
315
310
287
257
230
205
195
200
217
252
288
328
355
376
381
372
348
320
293
274
269
267
276
289
298
298
291
271
246
223
208
201
209
224
253
286
319
344
363
368
362
342
318
296
280
272
268
271
280
281
282
275
262
244
227
215
211
220
237
259
289
316
339
354
359
354
336
315
293
274
266
266
268
273
278
281
277
270
258
244
233
229
233
246
271
294
315
336
350
353
351
337
315
296
276
262
259
264
270
279
286
285
281
270
260
250
240
243
257
274
301
325
347
362
359
354
337
311
286
264
253
249
256
271
287
298
302
298
289
269
255
247
248
256
274
300
324
348
357
357
341
320
292
265
245
237
240
257
280
301
319
324
318
300
280
260
243
240
248
270
301
325
345
352
344
323
293
260
231
214
221
236
262
295
324
340
341
330
306
279
252
234
232
250
274
302
331
349
352
335
305
269
231
206
199
210
242
281
320
349
364
361
337
304
269
239
223
228
247
277
311
342
353
345
321
283
241
208
189
195
221
259
307
347
374
385
370
342
300
259
230
223
234
258
291
326
346
351
333
298
257
213
184
179
198
232
284
335
374
395
395
374
338
289
250
223
221
234
264
298
328
340
334
305
261
218
180
162
170
198
248
302
352
389
402
399
372
328
282
246
231
232
250
277
308
333
335
315
280
232
191
161
155
172
211
265
323
368
399
408
398
367
321
275
246
235
239
261
288
310
328
322
300
259
210
175
156
159
181
228
284
336
380
402
412
399
360
319
279
255
247
255
273
297
317
324
313
283
244
204
175
163
170
201
246
299
349
383
404
408
392
360
321
284
265
259
265
280
301
313
316
301
272
239
202
177
169
180
211
256
305
347
380
399
401
387
354
318
284
265
262
264
274
287
298
300
287
264
234
205
184
178
188
214
252
297
337
369
385
392
378
349
317
287
263
256
255
263
277
289
292
282
264
239
214
199
192
200
221
255
294
328
360
373
380
368
345
315
283
262
250
248
255
271
285
295
293
282
261
240
221
212
213
229
258
293
326
354
372
374
363
341
306
271
243
230
232
244
265
287
306
312
304
288
262
242
224
222
234
254
285
318
345
362
365
352
325
289
252
224
212
218
236
265
296
324
335
335
317
290
262
238
225
229
249
282
315
343
358
355
340
304
264
227
202
196
208
241
277
320
352
368
362
339
310
276
242
229
231
249
281
317
343
354
346
320
283
239
202
180
183
207
250
295
342
376
391
380
353
316
271
236
221
229
251
282
319
341
346
330
296
254
210
180
167
180
212
262
316
361
400
406
395
362
324
273
240
227
235
260
289
321
338
336
317
278
233
192
169
164
186
228
282
333
377
404
412
395
361
313
270
241
235
247
270
299
323
336
325
295
252
211
177
159
164
196
243
298
347
386
406
406
384
346
302
263
245
243
254
279
302
322
324
304
273
232
192
168
160
177
211
261
313
359
392
408
402
377
338
297
266
252
253
264
284
303
320
313
289
251
221
183
168
169
190
228
277
326
365
391
401
391
365
327
292
268
256
260
268
282
300
304
295
269
239
211
185
177
185
211
252
297
340
372
391
397
383
353
320
285
270
263
265
278
289
296
294
283
259
231
211
195
195
212
233
274
315
353
381
396
391
376
349
319
291
272
271
271
281
291
298
292
281
260
235
221
212
217
229
255
290
321
352
371
379
375
359
330
304
284
269
266
267
272
282
288
287
279
264
249
233
225
229
246
267
297
325
346
363
372
363
345
317
286
265
254
245
250
256
267
277
282
279
267
259
245
238
240
249
272
295
317
337
354
357
344
324
295
267
250
237
232
237
249
266
283
289
286
279
267
260
253
252
259
278
297
318
330
340
342
332
310
282
257
237
230
231
241
260
281
299
311
310
304
291
277
264
262
267
278
296
314
329
338
335
320
295
266
243
222
219
224
243
273
300
317
329
333
321
306
286
268
257
257
272
287
311
323
329
322
300
272
246
219
201
201
212
243
281
312
340
354
349
331
309
279
255
243
246
261
279
302
321
323
308
280
251
218
191
179
189
210
247
292
332
359
371
364
341
309
269
244
231
237
254
278
301
318
316
297
262
224
192
171
171
191
231
281
326
362
383
386
369
342
298
259
232
225
233
254
279
302
314
308
271
230
193
162
144
155
183
231
286
334
376
393
391
372
334
292
253
232
231
244
266
293
313
315
293
256
211
172
144
141
155
198
251
307
360
390
403
395
368
329
282
250
233
236
253
274
298
312
308
281
239
187
155
132
137
166
216
271
330
376
404
414
403
372
331
287
251
242
243
259
283
300
311
302
265
222
181
145
129
137
172
223
282
337
378
404
410
395
364
318
274
249
240
248
262
284
300
303
287
249
211
170
141
132
146
180
229
286
341
378
399
403
382
350
311
275
255
248
255
264
283
294
294
279
245
210
175
152
148
163
192
241
296
341
379
397
398
378
343
303
268
247
240
247
261
274
291
292
276
251
220
190
172
169
183
215
258
302
345
374
390
387
365
332
296
262
241
232
235
252
271
291
299
289
267
242
214
196
192
203
232
266
307
341
367
379
373
351
317
280
243
221
213
220
239
266
291
306
304
293
271
244
229
221
223
243
268
301
330
354
356
348
324
285
247
213
194
195
203
229
259
292
311
321
310
292
267
248
237
235
249
271
295
321
341
345
332
306
272
230
201
185
185
203
235
271
311
336
345
344
329
302
274
250
242
251
267
291
314
330
335
321
293
258
216
189
176
181
212
243
286
329
360
373
369
349
322
285
260
245
247
261
280
303
319
319
303
273
235
196
171
163
174
204
252
300
343
377
388
382
360
330
289
254
238
244
260
279
300
314
311
290
253
210
174
153
153
174
216
267
316
358
387
398
387
360
322
282
254
244
250
269
287
304
312
301
272
232
194
165
152
158
184
232
283
333
372
396
400
383
349
307
271
249
241
253
269
291
306
305
293
255
219
182
159
150
165
199
250
303
352
387
403
400
378
343
302
266
247
250
256
276
292
301
292
272
234
200
168
148
151
172
210
264
315
362
390
402
393
367
329
291
262
249
250
257
273
292
291
280
254
220
184
161
150
162
191
232
283
329
371
391
395
382
350
311
275
254
247
253
267
283
292
292
276
251
217
186
169
162
178
210
255
304
345
375
388
382
363
331
291
264
251
243
251
263
276
285
281
265
239
210
185
172
183
200
232
279
322
352
375
380
365
344
306
276
253
243
245
254
273
284
289
281
263
239
215
199
191
201
227
263
303
336
363
373
371
354
329
298
266
250
238
240
254
267
280
284
280
263
241
221
208
210
220
239
268
299
329
351
358
352
333
304
272
244
225
220
225
241
259
273
280
280
264
249
230
221
222
235
252
281
310
329
345
349
337
312
282
245
224
216
217
227
243
261
278
281
284
277
266
255
251
248
252
272
291
315
327
333
331
322
298
268
240
220
205
208
222
241
269
287
300
305
298
291
278
272
265
270
284
302
318
329
330
322
303
277
246
222
201
195
204
226
252
283
310
327
332
328
314
296
281
269
264
272
284
300
310
312
304
285
258
226
200
182
183
205
226
262
297
331
346
353
343
329
303
283
266
262
264
276
291
298
303
294
272
241
211
182
170
174
193
232
273
314
351
371
375
363
334
304
276
257
252
261
272
290
300
301
290
261
223
186
162
151
159
189
234
289
339
366
386
381
365
337
301
267
249
248
256
270
290
299
295
273
241
201
165
140
133
153
191
245
299
352
390
402
400
379
343
302
267
247
248
260
277
290
299
293
263
224
180
146
126
125
152
201
263
325
374
404
420
409
383
342
297
265
251
252
265
288
304
315
301
264
222
177
141
129
138
168
220
286
347
393
420
430
416
380
337
292
260
251
258
270
286
304
305
284
249
206
163
131
122
132
165
222
286
346
389
412
419
399
362
316
272
251
245
254
273
292
309
311
289
250
208
169
144
139
157
194
251
312
366
403
417
417
392
349
299
259
235
235
250
269
292
310
311
292
254
219
181
161
155
169
209
263
314
358
389
400
393
366
327
282
245
227
225
240
262
287
309
314
300
273
237
206
184
182
197
232
280
325
362
385
389
373
341
300
254
224
209
211
227
251
282
303
313
305
283
256
232
211
206
216
242
279
313
344
358
360
340
306
267
227
201
186
193
210
241
275
302
312
313
301
284
263
244
233
239
256
281
308
329
340
334
316
287
250
211
191
181
192
205
239
270
308
330
336
322
303
281
279
255
251
264
284
304
320
320
301
262
218
177
146
136
149
187
241
305
357
398
412
409
382
341
295
255
235
237
256
286
315
338
340
314
270
218
172
140
131
149
191
251
316
367
400
409
396
362
315
265
229
217
223
250
281
319
345
348
320
273
223
177
147
145
166
209
270
329
375
398
400
380
340
288
235
204
200
217
249
291
328
353
350
324
283
234
189
164
162
187
231
290
342
378
393
381
355
309
251
204
177
181
205
244
289
327
354
355
330
289
244
204
181
185
208
249
296
341
366
375
359
321
273
224
182
169
179
208
247
291
333
352
354
335
300
260
223
209
213
235
271
310
344
360
357
337
297
250
210
178
171
187
216
256
301
337
359
361
345
318
283
252
236
241
258
282
310
333
344
332
311
279
237
203
182
177
193
223
260
300
332
352
358
350
332
304
277
263
262
269
286
307
319
322
313
294
263
230
204
188
190
200
225
264
300
330
351
358
355
339
320
299
282
274
276
282
293
299
298
291
270
249
220
199
185
186
197
221
255
287
319
344
358
355
344
321
303
287
276
269
273
279
285
288
284
267
242
219
199
189
190
203
228
258
290
320
345
360
363
354
336
312
292
275
270
270
274
280
286
282
272
249
224
201
189
190
202
227
262
299
333
358
370
369
358
335
312
286
268
264
270
278
291
295
291
276
254
226
207
192
191
208
236
276
314
345
370
379
372
355
330
301
275
261
260
272
287
304
314
307
286
257
227
202
192
196
215
251
291
330
360
378
381
368
340
309
274
256
252
257
270
290
306
311
300
277
243
211
186
180
191
218
257
304
341
366
377
369
347
316
279
254
241
241
255
278
303
319
315
301
268
234
200
182
177
196
231
277
320
352
369
370
357
327
288
252
229
225
240
262
291
317
327
322
296
264
230
202
184
190
213
251
297
341
365
375
359
335
297
256
225
210
218
243
274
307
335
339
327
298
260
223
201
195
209
239
278
318
352
369
362
340
306
267
232
210
210
228
257
294
325
344
346
324
299
263
229
209
207
222
250
291
329
353
356
343
316
273
233
206
197
209
235
270
309
339
354
346
324
292
253
227
217
228
253
289
323
351
364
356
332
296
252
217
196
197
217
252
292
328
350
358
345
321
287
255
234
230
239
265
295
324
346
348
332
304
265
225
199
191
199
228
267
306
340
359
359
346
321
286
260
240
244
255
278
304
327
337
331
310
278
243
211
199
198
216
247
286
323
352
365
364
352
328
300
276
265
263
272
290
304
322
327
317
295
266
233
207
197
198
216
248
285
320
345
360
363
353
336
310
289
275
272
275
290
301
309
310
296
276
252
219
200
190
192
209
239
274
311
340
356
364
359
344
324
304
288
279
280
284
293
302
304
297
277
251
223
200
190
189
207
233
271
307
339
361
376
372
357
334
312
285
273
269
272
285
292
300
298
281
257
232
199
181
179
197
219
257
303
338
368
373
374
360
341
308
281
259
257
261
273
291
301
304
286
253
224
194
172
163
176
206
249
299
341
369
388
382
357
324
294
264
247
246
262
283
306
323
326
301
268
229
194
170
167
177
207
248
308
358
385
387
378
353
312
271
237
222
235
254
293
327
348
349
321
285
236
191
162
152
174
215
267
325
369
395
396
379
341
294
244
211
207
222
253
296
337
365
364
339
295
241
193
165
163
185
231
285
338
377
396
389
359
313
260
216
186
194
222
264
309
355
379
376
351
303
251
200
171
175
199
242
298
345
376
386
369
330
279
227
185
173
185
222
270
317
360
385
381
353
309
256
209
188
190
218
261
313
351
375
374
350
305
252
199
172
169
192
233
283
330
367
387
382
354
313
261
223
207
210
235
269
314
349
358
344
313
268
220
176
163
164
190
234
282
328
369
384
379
356
318
271
235
222
229
252
279
309
331
336
320
287
246
201
172
162
172
200
242
287
326
358
371
362
346
316
281
257
246
249
261
282
300
316
313
295
267
233
201
180
173
185
211
250
295
326
343
354
353
340
314
287
268
255
252
257
274
286
297
292
277
253
226
201
190
188
201
227
252
288
317
344
353
352
337
318
300
280
266
261
267
274
283
290
287
278
261
236
218
209
208
218
239
266
298
330
351
365
361
355
338
318
300
286
280
279
281
284
288
289
278
265
244
233
219
214
224
238
261
288
315
337
355
359
353
341
320
300
280
269
264
267
274
281
285
278
268
250
235
225
221
226
243
270
298
327
347
359
361
351
333
310
290
274
267
270
276
287
301
303
296
282
263
243
228
222
227
242
274
298
326
352
360
358
342
315
284
259
241
236
242
257
275
292
303
296
281
255
232
217
211
219
239
273
303
328
343
350
341
319
289
255
232
224
234
249
275
301
319
323
312
289
259
232
210
205
218
246
283
321
349
361
359
336
306
271
238
221
223
241
270
301
330
344
343
325
296
262
234
218
219
241
271
308
341
359
362
348
320
285
249
222
215
229
255
290
327
350
361
348
317
282
245
218
207
218
247
283
323
349
359
356
329
291
247
211
201
209
234
271
311
346
369
368
352
317
275
239
218
218
236
268
305
338
361
363
344
309
266
224
201
199
219
256
303
343
374
388
380
351
313
270
237
223
231
255
288
324
353
362
353
321
277
235
198
187
195
226
271
320
358
384
389
374
340
300
256
229
225
236
261
294
323
344
343
324
287
246
206
183
181
202
238
287
333
367
389
387
368
332
292
253
237
234
250
274
300
327
338
327
302
263
223
191
179
187
213
254
298
343
374
387
383
364
332
290
260
247
249
264
285
307
326
327
308
280
243
210
184
178
189
218
261
304
345
374
387
383
364
334
303
276
265
266
273
290
306
317
313
295
265
234
207
188
187
197
225
263
305
341
367
380
380
360
337
308
287
275
268
273
285
295
303
299
284
259
231
208
190
189
202
225
260
299
333
361
377
381
367
344
318
293
278
273
271
279
287
295
298
287
268
245
221
204
197
206
225
257
295
332
364
383
388
374
353
324
295
273
260
259
265
279
294
302
297
283
258
230
214
200
203
219
250
285
328
358
378
383
375
347
309
275
250
238
243
255
276
297
314
308
295
268
239
211
194
193
207
240
280
322
354
373
375
356
326
287
252
227
222
233
262
291
323
342
344
329
299
260
225
205
201
215
247
293
340
373
397
392
368
325
277
235
214
214
237
276
323
362
387
387
367
328
281
240
219
214
234
269
311
353
384
396
382
345
294
246
207
192
205
236
281
331
376
403
402
382
336
281
234
208
208
229
269
315
355
376
377
351
306
254
203
171
174
195
245
295
355
396
422
413
390
338
287
242
224
232
254
295
337
371
382
379
342
295
245
196
179
188
224
277
331
389
429
445
438
400
353
296
254
240
247
272
304
343
367
367
358
313
266
220
189
177
196
234
286
344
389
423
433
419
378
332
290
251
238
241
271
300
330
349
349
327
285
243
207
181
185
207
247
299
343
386
415
424
411
372
327
293
267
263
271
292
314
334
340
330
303
266
233
204
194
198
227
263
307
347
385
408
412
398
368
332
302
278
275
280
291
311
321
326
311
288
258
230
210
206
220
242
274
314
352
384
403
407
394
371
336
312
297
291
291
299
307
311
311
295
281
262
246
235
237
248
265
292
322
351
379
395
395
382
356
333
314
298
291
288
291
297
299
297
291
278
263
250
242
240
248
265
288
314
341
361
374
373
361
345
326
306
291
284
278
283
288
292
295
293
284
274
267
259
258
261
275
289
314
337
353
364
370
359
341
321
300
283
276
273
278
289
294
301
309
297
289
274
264
262
262
274
289
310
332
349
360
357
347
330
307
283
265
256
253
263
279
296
310
313
310
298
285
267
260
254
267
285
305
330
345
355
349
335
311
283
260
247
246
257
273
297
318
329
334
326
312
293
270
263
256
264
288
315
339
355
359
349
326
295
261
239
226
234
254
284
315
344
356
355
342
316
285
261
245
249
265
289
317
342
354
352
335
302
267
231
212
214
230
260
302
337
365
374
366
341
309
273
248
235
243
267
294
322
343
348
336
308
271
233
204
197
209
242
284
331
368
389
390
376
341
299
261
238
237
249
273
306
333
346
345
323
288
246
209
188
192
219
259
306
350
384
400
396
371
332
284
251
233
233
252
282
309
332
339
325
296
255
213
182
175
191
226
276
325
368
395
407
396
364
321
278
247
236
243
263
294
319
336
330
306
268
224
189
167
172
200
246
301
352
390
413
413
395
357
313
275
253
249
258
280
305
328
334
321
289
248
208
178
168
181
218
266
320
365
400
420
416
391
354
311
275
260
259
270
290
310
327
327
306
269
232
195
176
175
196
233
281
332
375
408
422
416
389
353
312
283
268
266
279
295
311
320
313
291
259
226
197
185
188
209
246
292
335
373
400
410
400
378
342
312
286
273
271
281
295
309
313
306
285
256
229
207
198
204
223
257
299
340
373
398
405
397
373
341
308
287
274
270
277
285
301
306
300
282
260
239
219
211
214
232
260
298
331
368
390
395
388
368
336
305
282
266
262
267
277
294
303
303
287
276
255
236
229
228
241
265
298
331
361
382
391
382
359
331
297
271
255
249
259
272
292
309
318
317
305
286
263
247
240
249
268
297
329
360
382
387
378
352
320
279
248
232
236
248
274
300
328
347
351
341
316
288
264
249
252
268
293
323
353
374
380
366
339
299
260
226
214
222
242
278
320
356
379
382
369
337
298
265
248
247
261
288
317
348
364
364
348
313
270
228
197
190
205
239
287
335
377
399
400
380
341
296
256
235
233
250
277
311
341
356
351
326
285
239
200
175
179
200
241
292
347
389
412
413
383
342
297
253
234
238
255
281
312
336
349
336
307
258
217
184
169
180
212
259
322
379
414
428
416
388
344
299
266
249
255
273
302
325
341
337
315
282
237
200
172
166
183
225
276
331
378
414
428
412
378
330
284
251
239
251
269
294
314
327
314
285
248
208
174
158
166
191
236
291
344
388
418
426
411
374
328
288
262
258
270
288
307
325
328
312
280
244
205
177
171
183
215
260
310
357
396
419
421
406
369
328
290
272
266
272
290
307
317
314
295
261
228
204
187
186
203
238
283
327
368
400
412
407
388
353
316
285
271
271
275
285
300
307
300
280
251
226
206
200
205
225
258
295
337
371
397
406
393
365
333
302
285
277
273
281
293
302
302
294
276
260
